<svg width="800" height="600" xmlns="http://www.w3.org/2000/svg">
 <g>
  <title>Layer 1</title>
  <g>
   <g fill="#000000" transform="translate(0 500) scale(0.1 -0.1)">
    <path fill="#ffffff" d="m3949.42285,3908.74274c-25,-7 -371,-202 -770,-433c-399,-230 -744,-430 -767,-443c-22,-12 -52,-37 -65,-54l-23,-31l-3,-933c-2,-923 -2,-933 18,-972c14,-27 39,-52 73,-74c29,-18 383,-224 787,-457c718,-414 736,-423 795,-427l60,-3l710,409c917,529 865,497 893,552c22,44 22,49 22,442l0,399l-22,8c-29,11 -30,11 -180,-77l-126,-73l-4,-232c-3,-217 -4,-235 -25,-274c-13,-23 -35,-50 -50,-61c-79,-55 -1197,-692 -1232,-702c-30,-8 -52,-8 -81,0c-38,10 -1171,657 -1236,706c-18,13 -41,43 -53,67c-21,43 -21,52 -21,753c0,671 1,711 19,750c10,23 34,53 52,67c67,49 1200,696 1239,707c28,7 52,8 78,1c32,-9 1114,-624 1224,-697c21,-13 48,-43 60,-67c22,-41 23,-51 26,-364c4,-392 -6,-371 138,-292c52,29 116,66 142,83l47,31l3,348c3,384 1,394 -59,440c-19,14 -61,41 -94,60c-33,19 -372,215 -752,435c-381,221 -705,404 -720,408c-16,3 -35,7 -43,9c-8,2 -35,-2 -60,-9z"/>
    <path fill="#ffffff" d="m3935.42285,3230.74274c-16,-6 -229,-127 -474,-268c-288,-167 -450,-266 -458,-281c-20,-36 -17,-75 9,-102c17,-19 798,-476 914,-536c12,-6 46,-11 75,-11c51,0 68,9 400,200c191,110 352,200 358,200c7,0 10,-144 10,-439l0,-438l-327,-188c-406,-234 -394,-228 -458,-223c-45,4 -94,29 -389,199c-247,142 -341,201 -352,221c-11,21 -14,84 -14,300c0,150 -4,278 -8,284c-11,16 -266,164 -283,164c-38,0 -39,-11 -39,-482c0,-423 1,-459 18,-475c9,-10 242,-148 517,-308l500,-289l65,-1l65,0l507,294c361,209 509,301 517,318c14,30 16,1220 2,1256c-6,16 -55,50 -161,110c-84,48 -158,87 -164,87c-6,0 -144,-77 -306,-171c-379,-219 -403,-231 -460,-231c-50,0 -76,11 -240,105c-125,71 -140,83 -140,113c0,27 14,37 183,134c110,63 137,74 185,78c49,3 65,-1 116,-27c32,-17 67,-31 77,-31c19,0 252,130 278,155c34,33 7,57 -186,167c-104,59 -201,112 -216,118c-35,12 -83,12 -121,-2z"/>
   </g>
  </g>
 </g>

</svg>